BOOT:	2021-07-08 07:39:42.103583
MOST:	2021-07-08 10:49:26.103711
DELTA:	3:09:44.000128
