BOOT:	2021-07-08 07:39:41.629542
MOST:	2021-07-08 10:49:07.056988
DELTA:	3:09:25.427446
