BOOT:	2021-07-08 07:39:41.629542
MOST:	2021-07-08 10:46:56.629709
DELTA:	3:07:15.000167
