BOOT:	2021-07-08 07:39:41.632425
MOST:	2021-07-08 10:24:04.632520
DELTA:	2:44:23.000095
