BOOT:	2021-07-08 07:39:41.629542
MOST:	2021-07-08 10:48:01.719296
DELTA:	3:08:20.089754
